{
  "advancedEditorSelectedIdentifier" : "ProjectBrowser",
  "openSceneRelativePaths" : [
    "CityPortalScene.usda"
  ],
  "recentIdentifiers" : {
    "691AC717-013A-4C3B-B274-B0ECF553B541" : [

    ],
    "97541041-C067-4678-9BAF-81DBFD369830" : [

    ]
  },
  "sceneCameraHistory" : {
    "691AC717-013A-4C3B-B274-B0ECF553B541" : [
      {
        "date" : 745430962.411252,
        "title" : "Untitled",
        "transform" : [
          0.9569015,
          1.2976649e-08,
          -0.29041225,
          0,
          -0.15103865,
          0.8541153,
          -0.4976687,
          0,
          0.24804564,
          0.5200835,
          0.8173045,
          0,
          0.6724894,
          1.4110352,
          2.330423,
          1
        ]
      },
      {
        "date" : 745430957.069619,
        "title" : "Untitled",
        "transform" : [
          0.95222574,
          8.154082e-09,
          0.30539498,
          0,
          -0.024875648,
          0.9966771,
          0.07756252,
          0,
          -0.30438015,
          -0.08145409,
          0.94906163,
          0,
          -0.0053404868,
          0.19821076,
          2.9711971,
          1
        ]
      },
      {
        "date" : 745430953.128216,
        "title" : "Untitled",
        "transform" : [
          0.95222574,
          8.154082e-09,
          0.30539498,
          0,
          -0.024875648,
          0.9966771,
          0.07756252,
          0,
          -0.30438015,
          -0.08145409,
          0.94906163,
          0,
          -0.0053404868,
          0.19821076,
          2.9711971,
          1
        ]
      },
      {
        "date" : 745430948.321723,
        "title" : "Untitled",
        "transform" : [
          0.95222574,
          8.154082e-09,
          0.30539498,
          0,
          -0.024875648,
          0.9966771,
          0.07756252,
          0,
          -0.30438015,
          -0.08145409,
          0.94906163,
          0,
          -0.0053404868,
          0.19821076,
          2.9711971,
          1
        ]
      },
      {
        "date" : 745424621.338875,
        "title" : "Untitled",
        "transform" : [
          0.95222574,
          8.154082e-09,
          0.30539498,
          0,
          -0.024875652,
          0.9966772,
          0.077562526,
          0,
          -0.30438015,
          -0.08145409,
          0.94906163,
          0,
          -0.0053404868,
          0.19821076,
          2.9711971,
          1
        ]
      },
      {
        "date" : 745424533.990498,
        "title" : "Untitled",
        "transform" : [
          0.982849,
          4.0433186e-09,
          -0.18441188,
          0,
          -0.029854268,
          0.9868091,
          -0.15911235,
          0,
          0.18197936,
          0.16188872,
          0.9698843,
          0,
          1.325181,
          0.839731,
          2.2528987,
          1
        ]
      },
      {
        "date" : 745424520.991027,
        "title" : "Untitled",
        "transform" : [
          0.98772776,
          -1.25209e-09,
          -0.15618557,
          0,
          -0.08731099,
          0.8291537,
          -0.55216026,
          0,
          0.12950195,
          0.5590205,
          0.81897813,
          0,
          0.3133429,
          0.79752994,
          1.1801958,
          1
        ]
      },
      {
        "date" : 745424363.879081,
        "title" : "Untitled",
        "transform" : [
          0.98772776,
          -1.25209e-09,
          -0.15618557,
          0,
          -0.08731099,
          0.8291537,
          -0.55216026,
          0,
          0.12950195,
          0.5590205,
          0.81897813,
          0,
          0.33104524,
          0.89679444,
          1.1096404,
          1
        ]
      },
      {
        "date" : 745424249.878358,
        "title" : "Untitled",
        "transform" : [
          0.9975599,
          1.4969814e-10,
          -0.06981619,
          0,
          -0.01980547,
          0.95891905,
          -0.2829877,
          0,
          0.06694814,
          0.2836798,
          0.9565792,
          0,
          0.25019956,
          0.90557325,
          2.5801508,
          1
        ]
      },
      {
        "date" : 745424205.478495,
        "title" : "Untitled",
        "transform" : [
          0.9966645,
          1.4969814e-10,
          -0.08160774,
          0,
          -0.023150496,
          0.95891905,
          -0.2827337,
          0,
          0.07825527,
          0.2836798,
          0.9557206,
          0,
          0.3530924,
          0.7910521,
          1.9034816,
          1
        ]
      }
    ],
    "97541041-C067-4678-9BAF-81DBFD369830" : [
      {
        "date" : 746188661.890899,
        "title" : "Untitled",
        "transform" : [
          0.94691706,
          -7.964783e-10,
          -0.3214779,
          0,
          -0.031203527,
          0.9952783,
          -0.09191037,
          0,
          0.31996,
          0.097062744,
          0.94244605,
          0,
          1.4433683,
          1.5728638,
          3.7308614,
          1
        ]
      },
      {
        "date" : 746188657.690027,
        "title" : "Untitled",
        "transform" : [
          0.94691706,
          -7.964783e-10,
          -0.3214779,
          0,
          -0.031203527,
          0.9952783,
          -0.09191037,
          0,
          0.31996,
          0.097062744,
          0.94244605,
          0,
          1.6219206,
          0.8612398,
          3.7435353,
          1
        ]
      },
      {
        "date" : 746185649.242046,
        "title" : "Untitled",
        "transform" : [
          0.95858,
          -5.3407727e-09,
          -0.28482315,
          0,
          -0.0450759,
          0.98739755,
          -0.15170419,
          0,
          0.2812337,
          0.15825929,
          0.9464996,
          0,
          0.30444014,
          0.31770775,
          1.5973126,
          1
        ]
      },
      {
        "date" : 746185478.967048,
        "title" : "Untitled",
        "transform" : [
          1,
          0,
          -0,
          0,
          -0,
          0.8660253,
          -0.50000006,
          0,
          0,
          0.50000006,
          0.8660253,
          0,
          1.1920929e-07,
          0.6520891,
          1.3173473,
          1
        ]
      },
      {
        "date" : 746185470.146885,
        "title" : "Untitled",
        "transform" : [
          1,
          0,
          0,
          0,
          0,
          0.8660253,
          -0.50000006,
          0,
          0,
          0.50000006,
          0.8660253,
          0,
          0,
          2.0592043,
          3.566647,
          1
        ]
      },
      {
        "date" : 746185464.048963,
        "title" : "Untitled",
        "transform" : [
          1,
          0,
          -0,
          0,
          -0,
          0.8660253,
          -0.50000006,
          0,
          0,
          0.50000006,
          0.8660253,
          0,
          0,
          2.0107155,
          3.4826617,
          1
        ]
      }
    ],
    "AF09ED6F-1707-48FD-8720-65B998362C09" : [
      {
        "date" : 745423431.496661,
        "title" : "Untitled",
        "transform" : [
          0.9989472,
          9.263895e-12,
          -0.045873985,
          0,
          -0.022748778,
          0.8683814,
          -0.495375,
          0,
          0.03983612,
          0.49589708,
          0.8674671,
          0,
          0.2059319,
          3.3385239,
          3.7093515,
          1
        ]
      },
      {
        "date" : 745423422.097336,
        "title" : "Untitled",
        "transform" : [
          0.99999994,
          0,
          -0,
          0,
          -0,
          0.86602503,
          -0.5000007,
          0,
          0,
          0.5000007,
          0.86602503,
          0,
          0,
          3.3597372,
          3.7018967,
          1
        ]
      }
    ]
  }
}